0 132 0.010008
2 18 0.765605
2 134 0.542767
3 2 0.057045
3 17 0.689296
3 19 0.393502
4 6 0.840965
4 68 0.063462
4 88 0.681149
4 260 0.393416
5 4 0.427486
5 85 0.598977
7 2 0.856167
7 15 0.101965
7 263 0.425999
8 12 0.920321
8 72 0.272453
9 317 0.746082
9 385 0.642639
10 138 1.001037
10 146 0.257039
10 266 0.732660
11 9 0.661519
11 73 0.641635
12 28 0.282710
12 92 0.776495
12 332 0.247774
14 42 0.369265
14 79 0.496517
14 399 0.919208
15 14 0.914653
16 0 0.526292
16 24 0.996642
17 16 0.276145
17 19 0.957764
18 3 0.510707
18 10 0.287082
18 19 0.539747
18 26 0.950980
18 58 0.771514
18 146 0.837817
19 87 0.025868
20 22 0.878247
21 5 0.746225
21 149 1.009458
22 23 0.243195
22 278 0.361015
25 89 0.601114
26 72 0.422081
26 246 0.279317
27 91 0.547304
28 29 0.297212
28 284 0.163720
29 63 0.812406
29 157 0.544450
31 62 0.965361
32 34 0.564584
32 48 0.634849
32 288 0.169768
33 38 0.724710
33 97 0.100990
33 177 0.013000
34 2 0.036876
35 34 0.947897
35 163 0.190896
35 166 0.896991
35 291 0.160335
36 37 0.395815
36 52 0.509741
36 164 0.597187
37 33 0.600109
37 45 0.566146
37 101 0.993305
37 103 0.151820
38 35 0.262126
38 46 0.474031
38 54 0.136031
38 102 0.329250
39 293 0.136712
41 173 0.631634
42 60 0.257842
43 107 0.399314
44 60 0.038375
45 39 0.436497
45 57 0.957487
49 17 0.141189
51 179 0.102174
53 29 0.081064
53 57 0.263057
54 311 0.793153
55 23 0.359524
55 39 0.818945
55 116 0.661646
55 310 0.689592
56 48 0.260126
57 47 0.481262
57 113 0.610394
58 50 0.765844
60 61 0.961367
61 62 0.449330
61 317 0.698981
63 54 0.997145
63 61 0.861270
63 191 0.547426
64 200 0.113434
64 320 0.586717
65 66 0.450039
66 170 0.879264
68 76 0.810720
70 66 0.751716
71 79 0.896031
73 9 0.473323
76 92 0.723422
76 334 0.677679
77 73 0.209555
78 86 0.875883
79 77 0.553948
79 78 0.460347
80 336 0.225532
81 273 0.325732
82 83 0.891504
83 87 0.477532
83 115 0.375158
84 92 1.009117
84 340 0.640488
85 93 0.010595
86 87 0.783352
87 85 0.329178
87 381 0.692494
88 24 0.215262
90 74 0.718921
90 122 0.104549
91 89 0.774005
91 122 0.223852
92 93 0.091061
94 22 0.962160
94 86 0.399854
95 335 0.702169
96 356 0.786866
97 227 0.432460
97 233 0.203967
97 353 0.201824
97 355 0.254054
98 102 0.146455
98 106 0.611010
98 354 0.838355
99 103 0.997937
99 355 0.243599
100 76 0.229411
100 228 0.706007
101 102 0.706243
101 229 0.679521
102 103 0.066441
102 294 0.237008
103 37 0.709834
103 99 0.772571
103 119 0.563911
104 160 0.339666
105 233 0.153045
105 361 0.495325
106 38 0.823266
106 362 0.748997
107 106 0.145332
107 109 0.320739
108 228 0.528084
109 357 0.268843
110 102 0.403018
110 108 0.485896
112 120 0.289293
114 48 0.379742
115 378 0.681784
116 60 0.523936
116 84 0.730768
116 372 0.470697
117 229 0.331560
118 374 0.527145
120 108 0.411833
122 234 0.996503
123 59 0.680098
123 99 0.551710
124 364 0.839239
125 381 0.284210
126 62 0.556137
126 110 0.276613
126 122 0.256733
127 119 0.704024
127 126 0.827101
128 129 0.170749
128 160 0.717826
129 385 0.592421
130 128 1.001533
130 138 0.289512
130 162 0.181179
130 240 0.505691
132 388 0.173081
133 132 0.792992
133 213 0.446426
133 389 0.594787
134 151 0.076850
135 67 0.399731
135 183 0.395769
135 327 0.669053
135 391 0.548661
136 9 0.825932
137 128 0.696102
138 170 0.019348
140 12 0.530960
140 136 0.230685
141 136 0.080635
142 62 0.733764
143 10 0.060603
143 15 0.467162
143 141 0.456490
143 399 0.295942
144 208 0.705637
147 145 0.691164
147 151 0.067475
148 20 0.552393
148 149 0.866193
148 244 0.387550
149 145 0.586173
149 183 0.689332
149 277 0.045588
150 158 0.983356
151 159 0.361319
151 215 0.617611
152 441 0.562862
154 159 0.366925
156 141 0.984252
157 477 0.261528
158 14 0.823048
159 157 0.254586
162 34 0.704856
162 170 0.273620
163 131 0.126571
163 419 0.123676
165 161 0.016079
166 38 0.609359
167 103 0.092507
167 423 0.385310
168 129 0.133637
168 172 0.039635
169 233 0.504245
170 171 0.944030
170 190 0.369658
170 394 0.509955
171 173 0.681903
171 235 0.766770
172 44 0.240572
172 168 0.572602
173 165 0.626610
173 169 0.234801
174 143 0.663012
174 238 0.754104
175 47 0.057639
175 207 0.134945
176 432 0.494180
177 57 0.924025
178 179 0.603546
179 123 0.506582
179 183 0.451633
179 243 0.781944
180 176 0.452790
181 37 0.477741
181 245 0.455930
181 309 0.215341
182 150 0.382520
183 55 0.974851
183 247 0.080335
184 160 0.536338
184 185 0.527707
186 424 0.851576
188 252 0.433890
189 141 0.723547
191 63 0.881884
192 225 0.846598
193 213 0.399060
194 226 0.615603
196 76 0.549505
196 206 0.411692
197 77 0.093086
197 205 0.482380
198 134 0.114969
198 238 0.812019
200 72 0.678820
200 202 0.253750
201 73 0.273663
204 76 0.091006
204 206 0.242867
204 220 0.501343
204 221 0.276119
204 236 0.435191
204 460 0.973476
206 68 0.805856
206 207 0.181155
207 205 0.073804
207 495 0.302468
209 145 0.835837
209 208 0.736443
209 211 0.812084
212 148 0.055341
212 468 0.163315
213 21 0.071731
213 341 0.939150
214 222 0.214563
215 183 0.709691
217 219 0.504631
221 205 0.721571
221 220 0.210645
223 215 0.446096
223 217 0.871187
224 96 0.454519
224 208 0.533772
224 228 0.763174
224 240 0.832891
224 352 0.242078
224 484 0.440618
228 196 0.997325
228 230 0.860531
228 238 0.321605
228 420 1.007599
229 245 0.478075
231 199 0.700773
232 104 0.551535
232 172 0.169216
236 172 0.831334
236 204 0.051075
238 207 0.120019
240 164 0.528773
240 496 0.571484
240 501 0.526908
241 249 0.747175
242 50 0.032800
242 244 0.680991
243 227 0.076290
243 499 0.931117
244 180 0.390115
247 242 0.177313
247 243 0.701126
248 224 0.723695
249 505 0.599809
250 186 0.939698
252 116 0.515970
252 238 0.929236
252 254 0.733836
253 125 0.500817
254 222 0.986116
254 510 0.283251
255 243 0.708558
259 387 0.107433
260 324 0.620738
262 2 0.505125
262 260 0.598888
262 326 0.161217
264 9 0.741364
264 128 0.061617
265 268 0.330642
267 11 0.255142
268 13 0.392969
268 140 0.607169
268 260 0.945252
268 270 0.523148
268 284 0.660128
270 28 0.417538
271 287 0.489783
272 274 0.544199
273 1 0.615538
273 17 0.713369
273 321 0.948254
274 282 0.423494
277 275 0.793002
277 337 0.691491
277 411 0.537413
278 262 0.153684
278 276 0.261422
278 284 0.014816
278 286 0.285353
278 311 0.288929
280 344 0.516820
282 280 0.426475
283 313 0.446491
284 285 0.776175
285 275 0.451265
285 277 0.307064
286 283 0.348510
288 258 0.065606
288 290 0.495286
288 296 0.124475
288 354 0.874609
289 297 0.377395
289 425 0.172204
290 258 0.067723
290 299 0.478101
291 289 0.893705
291 355 0.422248
292 260 0.318327
293 289 0.824416
293 292 0.929492
294 422 0.780046
295 291 0.582442
296 24 0.813268
296 298 0.871622
298 42 0.879494
298 290 0.399172
298 426 0.535670
299 267 0.430038
299 314 0.759145
299 315 0.348085
301 293 0.753126
302 174 0.889162
302 301 0.720114
303 299 0.369379
304 50 0.171029
304 292 0.106429
305 275 0.572612
306 310 0.888192
308 309 0.645205
308 373 0.888413
308 374 0.123071
308 437 0.392620
310 318 0.131740
310 374 0.153302
311 183 0.718588
311 279 0.400967
311 310 0.638767
313 443 0.918691
314 59 0.869213
314 318 0.438873
315 363 0.508631
316 340 0.460735
316 444 0.750759
317 285 0.310122
319 287 0.120018
320 344 0.982476
320 480 0.248410
321 65 0.843474
321 81 0.139482
321 329 0.349119
322 338 0.450268
323 115 0.442877
323 451 0.392317
324 325 0.439473
324 453 0.680197
325 356 0.708066
325 469 0.859278
327 325 0.803382
328 332 0.019608
328 354 0.649058
328 360 0.654898
329 265 0.387364
330 74 0.399500
330 78 0.703589
330 266 0.301525
330 362 0.864365
331 75 0.154142
334 322 0.015588
334 478 0.391955
335 271 0.354456
335 495 0.301000
336 338 0.134391
336 342 0.058697
337 273 0.386817
338 274 0.765856
339 275 0.021531
339 347 0.570914
339 467 0.425560
340 338 0.524590
341 497 0.852044
342 340 0.475007
343 327 0.060043
343 378 0.212449
344 338 0.841524
346 344 0.849549
347 465 0.191196
347 475 0.944110
348 94 0.379040
348 380 0.637830
348 508 0.415786
349 93 0.454850
349 348 0.758311
350 382 0.141023
351 271 0.675308
352 356 0.591285
352 360 0.992032
353 355 0.931473
353 369 0.977723
355 106 0.288796
355 363 0.600459
356 32 0.844691
356 453 0.740448
357 325 0.359529
357 359 0.674147
358 230 0.879188
359 423 0.927967
359 487 0.961753
360 382 0.426007
361 296 0.972535
362 330 0.536182
363 355 0.828107
364 296 0.672893
364 493 0.951429
365 493 0.136034
367 303 0.896726
367 494 0.172958
368 116 0.612405
368 370 0.848679
368 371 0.401555
369 305 0.677348
370 82 0.010040
371 438 0.638753
373 372 0.584346
374 294 0.361393
374 368 0.380837
374 382 0.586430
377 345 0.754468
378 346 0.452624
378 376 0.101801
378 379 1.002419
379 91 0.043004
382 126 0.497212
382 372 0.905724
384 304 0.698594
385 397 0.491720
385 451 0.957120
386 134 0.963262
386 384 0.137088
387 35 0.867156
388 390 0.017008
388 392 0.060393
388 393 0.651374
389 384 0.147093
389 405 0.834627
390 134 0.665888
390 398 0.536454
391 151 0.913056
391 455 0.287586
392 396 0.401493
394 386 0.253001
394 458 0.738307
395 399 0.211217
396 390 0.032556
396 412 0.197979
397 301 0.789658
397 399 0.676364
399 395 0.361173
401 403 0.302091
401 405 0.233697
402 386 0.414765
402 406 0.589362
403 401 0.447240
403 402 0.844283
404 144 0.859068
404 277 0.274662
404 407 0.543532
404 468 1.008736
405 385 0.132221
405 413 0.435107
405 433 0.223568
406 414 0.043077
406 468 0.116043
407 471 0.492049
409 441 0.267524
410 280 0.292464
410 442 0.218123
411 387 0.774064
412 268 0.585853
412 408 0.917848
412 414 0.124107
413 415 0.708163
413 445 0.757969
414 412 0.904964
415 398 0.355891
416 417 0.225049
416 480 0.027785
417 288 0.795470
417 385 0.739983
418 166 0.887797
418 491 0.353425
418 499 0.372191
419 391 0.090655
419 435 0.786393
421 420 0.503295
421 436 0.652734
421 485 0.362314
422 302 0.291545
422 430 0.636152
422 450 0.167540
423 419 0.261955
423 429 0.864603
425 427 0.618444
426 298 0.383662
426 416 0.271863
428 397 0.212817
428 440 0.080950
428 488 0.973244
429 445 0.207518
429 493 0.091326
430 428 0.162563
432 416 0.819124
432 433 0.055520
432 436 0.839722
433 177 0.811168
433 385 0.409215
433 401 0.665206
434 402 0.996364
435 417 0.423580
436 308 0.118049
436 432 0.877119
437 405 0.844369
437 433 0.726939
437 447 0.232540
438 406 0.011574
439 183 0.419766
439 436 0.032462
440 312 0.386501
440 408 0.803872
441 505 0.341804
442 422 0.663873
442 434 0.269120
443 427 0.997042
443 435 0.652325
443 507 0.386933
444 422 0.459107
447 187 0.595800
447 415 0.493601
447 511 0.091595
448 64 0.110809
448 192 0.851668
449 457 0.837927
450 466 0.823280
451 323 0.849796
456 448 0.652095
456 457 0.825759
457 329 0.203634
457 456 0.940652
458 202 0.388445
458 459 0.237756
459 323 0.995847
460 198 0.468481
461 141 0.289015
461 236 0.749932
461 397 0.313932
462 398 0.823189
463 335 0.727761
464 400 0.795073
465 241 0.587059
465 336 0.808596
466 338 0.637795
466 402 0.481857
467 339 0.539620
467 402 0.867925
467 403 0.409142
469 465 0.856436
469 468 0.466879
469 501 0.302495
473 475 1.010000
474 458 0.751617
475 459 0.806585
475 491 0.610734
476 396 0.261693
476 473 0.585624
477 511 0.757701
478 222 0.999635
478 398 0.564778
479 223 0.117010
480 448 0.256300
481 225 0.344365
481 229 0.079367
481 489 0.886262
482 486 0.155400
485 357 0.671891
486 418 0.595027
486 502 0.504116
487 359 0.934830
487 503 0.266384
488 200 0.630714
489 488 0.034167
491 459 0.620723
492 172 0.578438
492 232 0.383973
492 236 0.386277
492 494 0.593115
493 485 0.120807
493 492 0.695165
494 486 0.881871
494 495 0.984538
495 367 0.485344
495 447 1.002179
496 224 0.708705
497 473 0.484984
497 501 0.455107
498 242 0.449511
498 474 1.007177
499 451 0.134284
499 475 0.200258
501 373 0.666273
503 247 0.467616
503 375 0.149185
503 446 0.982964
503 470 0.862208
503 471 0.935623
504 472 0.476668
506 442 0.470251
506 507 0.876139
508 452 0.394766
508 493 0.824225
508 504 0.731585
509 377 0.323986
509 477 0.698042
509 501 0.175764
509 503 0.186306
509 511 0.208052
510 254 0.684452
510 494 0.333405
